0.  643.247
0.01  630.842
0.02  595.704
0.03  543.337
0.04  480.886
0.05  415.239
0.06  351.76
0.07  293.861
0.08  243.195
0.09  200.134
0.1 164.264
0.11  134.779
0.12  110.74
0.13  91.2288
0.14  75.4182
0.15  62.6016
0.16  52.1931
0.17  43.716
0.18  36.7871
0.19  31.1005
0.2 26.4131
0.21  22.5317
0.22  19.3028
0.23  16.6043
0.24  14.3386
0.25  12.4277
0.26  10.8089
0.27  9.43169
0.28  8.2551
0.29  7.24585
0.3 6.37676
0.31  5.62556
0.32  4.9739
0.33  4.40661
0.34  3.91112
0.35  3.47694
0.36  3.0953
0.37  2.75884
0.38  2.46135
0.39  2.19759
0.4 1.96311
0.41  1.75413
0.42  1.5674
0.43  1.40016
0.44  1.25003
0.45  1.11495
0.46  0.993159
0.47  0.883112
0.48  0.783478
0.49  0.693094
0.5 0.610944
0.51  0.536142
0.52  0.467907
0.53  0.405555
0.54  0.34848
0.55  0.296151
0.56  0.248095
0.57  0.203893
0.58  0.163174
0.59  0.125607
0.6 0.0908967
0.61  0.0587797
0.62  0.0290202
0.63  0.00140664
0.64  0
0.65  0
0.66  0
0.67  0
0.68  0
0.69  0
0.7 0
0.71  0
0.72  0
0.73  0
0.74  0
0.75  0
0.76  0
0.77  0
0.78  0
0.79  0
0.8 0
0.81  0
0.82  0
0.83  0
0.84  0
0.85  0
0.86  0
0.87  0
0.88  0
0.89  0
0.9 0
0.91  0
0.92  0
0.93  0
0.94  0
0.95  0
0.96  0
0.97  0
0.98  0
0.99  0
1.  0
