0.0930842 7.776e-10
0.0868786 9.6204e-10
0.0969627 6.408e-10
0.100066 5.33201e-10
0.100066 5.33201e-10
0.102393 4.30977e-10
0.102393 4.30977e-10
0.10472 3.62096e-10
0.10472 3.62096e-10
0.106271 3.07181e-10
0.106271 3.07181e-10
0.109374 2.73511e-10
0.109374 2.73511e-10
0.112477 2.45899e-10
0.112477 2.45899e-10
0.116355 2.32031e-10
0.116355 2.32031e-10
0.121785 2.50703e-10
0.121785 2.50703e-10
0.125664 2.84303e-10
0.127991 3.16228e-10
0.127991 3.16228e-10
0.131869 3.44997e-10
0.131869 3.44997e-10
0.136524 3.65616e-10
0.136524 3.65616e-10
0.141953 3.76383e-10
0.141953 3.76383e-10
0.145832 3.48351e-10
0.14971 3.16228e-10
0.152813 2.81566e-10
0.15514 2.50703e-10
0.157467 2.21074e-10
0.157467 2.21074e-10
0.159019 1.94947e-10
0.172206 1.07007e-10
0.162122 1.75266e-10
0.163673 1.57572e-10
0.167552 1.28601e-10
0.166 1.41664e-10
0.169103 1.19023e-10
0.174533 9.71393e-11
0.174533 9.71393e-11
0.179187 8.90389e-11
0.186944 9.16611e-11
0.186944 9.16611e-11
0.190823 9.71393e-11
0.195477 9.71393e-11
0.19858 9.43604e-11
0.19858 9.43604e-11
0.19858 9.43604e-11
0.201682 8.81816e-11
0.201682 8.81816e-11
0.204785 8.1614e-11
0.204785 8.1614e-11
0.207112 7.48083e-11
0.207112 7.48083e-11
0.208664 6.79099e-11
0.208664 6.79099e-11
0.212542 5.87364e-11
0.212542 5.87364e-11
0.210991 6.408e-11
0.210991 6.408e-11
0.214869 5.43618e-11
0.214869 5.43618e-11
0.218748 4.93489e-11
0.218748 4.93489e-11
0.222626 4.70185e-11
0.222626 4.70185e-11
0.228056 4.65658e-11
0.228056 4.65658e-11
0.232711 4.98286e-11
0.232711 4.98286e-11
0.235038 5.33201e-11
0.235038 5.33201e-11
0.239692 5.87364e-11
0.239692 5.87364e-11
0.245897 6.22469e-11
0.245897 6.22469e-11
0.252103 6.04662e-11
0.255982 5.70562e-11
0.255982 5.70562e-11
0.260636 5.22983e-11
0.260636 5.22983e-11
0.26529 4.84032e-11
0.27072 4.43669e-11
0.278477 4.22718e-11
0.284683 4.39397e-11
0.290113 4.65658e-11
0.290113 4.65658e-11
0.293215 4.88737e-11
0.29787 5.17947e-11
0.29787 5.17947e-11
0.303299 5.17947e-11
0.303299 5.17947e-11
0.309505 5.03131e-11
0.309505 5.03131e-11
0.316486 4.61175e-11
0.316486 4.61175e-11
0.321141 4.14617e-11
0.321141 4.14617e-11
0.323468 3.72759e-11
0.323468 3.72759e-11
0.327346 3.44997e-11
0.327346 3.44997e-11
0.332776 3.22406e-11
0.332776 3.22406e-11
0.338982 3.13183e-11
0.338982 3.13183e-11
0.345187 3.10168e-11
0.345187 3.10168e-11
0.352169 3.16228e-11
0.352169 3.16228e-11
0.358374 3.01295e-11
0.359926 2.7617e-11
0.359926 2.7617e-11
0.363804 2.50703e-11
0.363804 2.50703e-11
0.367683 2.36565e-11
0.367683 2.36565e-11
0.373113 2.18946e-11
0.373113 2.18946e-11
0.377767 2.00688e-11
0.377767 2.00688e-11
0.383972 1.8937e-11
0.387851 1.85741e-11
0.387851 1.85741e-11
0.387851 1.85741e-11
0.394057 1.85741e-11
0.394057 1.85741e-11
0.399486 1.91211e-11
0.399486 1.91211e-11
0.406468 1.8937e-11
0.412673 1.7697e-11
0.412673 1.7697e-11
0.418103 1.60651e-11
0.418103 1.60651e-11
0.422758 1.47254e-11
0.422758 1.47254e-11
0.430515 1.31113e-11
0.435944 1.22528e-11
0.442926 1.17877e-11
0.442926 1.17877e-11
0.451458 1.24922e-11
0.451458 1.24922e-11
0.45844 1.17877e-11
0.45844 1.17877e-11
0.465421 1.07007e-11
0.465421 1.07007e-11
0.468524 9.71393e-12
0.468524 9.71393e-12
0.471627 8.81816e-12
0.471627 8.81816e-12
0.477057 8.08282e-12
0.477057 8.08282e-12
0.483262 7.19686e-12
0.483262 7.19686e-12
0.485589 6.4703e-12
0.490244 5.93074e-12
0.494122 5.48903e-12
0.498776 5.17947e-12
0.498776 5.17947e-12
0.504982 5.12961e-12
0.504982 5.12961e-12
0.511963 4.93489e-12
0.511963 4.93489e-12
0.51429 4.47982e-12
0.516617 4.14617e-12
0.522823 3.72759e-12
0.531356 3.44997e-12
0.536786 3.31901e-12
0.536786 3.31901e-12
0.542991 3.44997e-12
0.549197 3.72759e-12
0.549197 3.72759e-12
0.554627 4.02756e-12
0.560057 4.30977e-12
0.560057 4.30977e-12
0.567038 4.26827e-12
0.567038 4.26827e-12
0.570917 4.02756e-12
0.570917 4.02756e-12
0.574795 3.62096e-12
0.574795 3.62096e-12
0.580225 3.25541e-12
0.580225 3.25541e-12
0.581776 2.92676e-12
0.581776 2.92676e-12
0.585655 2.6827e-12
0.585655 2.6827e-12
0.588758 2.45899e-12
0.592636 2.27585e-12
0.592636 2.27585e-12
0.600393 2.16838e-12
0.605823 2.18946e-12
0.611253 2.21074e-12
0.611253 2.21074e-12
0.617459 2.23223e-12
0.617459 2.23223e-12
0.622889 2.18946e-12
0.625216 2.00688e-12
0.629094 1.87547e-12
0.629094 1.87547e-12
0.632973 1.70252e-12
0.637627 1.62212e-12
0.637627 1.62212e-12
0.645384 1.59104e-12
0.645384 1.59104e-12
0.653917 1.68613e-12
0.653917 1.68613e-12
0.660122 1.85741e-12
0.667104 1.94947e-12
0.667104 1.94947e-12
0.671758 1.9307e-12
0.671758 1.9307e-12
0.677963 1.80427e-12
0.682618 1.65382e-12
0.686496 1.50131e-12
0.691926 1.33675e-12
0.69658 1.23719e-12
0.69658 1.23719e-12
0.70201 1.1231e-12
0.708992 1.11229e-12
0.715973 1.19023e-12
0.715973 1.19023e-12
0.724506 1.26136e-12
0.729935 1.22528e-12
0.735365 1.14505e-12
0.742347 1.02945e-12
0.747001 9.43604e-13
0.747001 9.43604e-13
0.753207 8.81816e-13
0.760964 8.48343e-13
0.767169 8.5659e-13
0.775702 8.73326e-13
0.777253 8.5659e-13
0.777253 8.5659e-13
0.781908 8.32086e-13
0.781908 8.32086e-13
0.786562 7.70113e-13
0.791216 7.19686e-13
0.797422 6.7256e-13
0.805954 6.408e-13
0.811384 6.4703e-13
0.811384 6.4703e-13
0.818365 6.92367e-13
0.825347 7.33747e-13
0.825347 7.33747e-13
0.833104 7.4088e-13
0.833104 7.4088e-13
0.838534 7.12756e-13
0.842412 6.5332e-13
0.842412 6.5332e-13
0.847066 6.04662e-13
0.847066 6.04662e-13
0.851721 5.59628e-13
0.857151 5.33201e-13
0.864132 5.22983e-13
0.87344 5.59628e-13
0.879646 5.9884e-13
0.888954 6.2852e-13
0.89516 6.1054e-13
0.899038 5.81709e-13
0.899038 5.81709e-13
0.906796 5.43618e-13
0.913001 5.17947e-13
0.913001 5.17947e-13
0.921534 5.17947e-13
0.921534 5.17947e-13
0.929291 5.48903e-13
0.929291 5.48903e-13
0.936272 5.81709e-13
0.936272 5.81709e-13
0.942478 5.81709e-13
0.942478 5.81709e-13
0.949459 5.5424e-13
0.957992 5.12961e-13
0.963422 4.74756e-13
0.963422 4.74756e-13
0.971954 4.56735e-13
0.980487 4.70185e-13
0.98902 4.74756e-13
0.998328 4.74756e-13
1.00298 4.56735e-13
1.00919 4.10625e-13
1.01617 3.6917e-13
1.01927 3.5861e-13
1.02082 3.55157e-13
1.02548 3.51737e-13
1.02548 3.51737e-13
1.03091 3.76383e-13
1.03091 3.76383e-13
1.03556 4.02756e-13
1.03556 4.02756e-13
1.03944 4.26827e-13
1.03944 4.26827e-13
1.04409 4.47982e-13
1.04409 4.47982e-13
